2 0.850000 0.430000 0.033333 0.033333
2 0.856667 0.390000 0.033333 0.033333
2 0.850000 0.343333 0.046667 0.060000
2 0.643333 0.370000 0.033333 0.046667
2 0.703333 0.476667 0.046667 0.046667
2 0.736667 0.456667 0.046667 0.046667
2 0.723333 0.416667 0.046667 0.033333
2 0.130000 0.483333 0.060000 0.033333
2 0.270000 0.723333 0.033333 0.033333
2 0.543333 0.656667 0.033333 0.033333
2 0.776667 0.710000 0.033333 0.046667
2 0.256667 0.890000 0.046667 0.033333
2 0.276667 0.903333 0.046667 0.020000
2 0.736667 0.816667 0.033333 0.060000
2 0.896667 0.970000 0.033333 0.046667
2 0.956667 0.770000 0.046667 0.046667
2 0.993333 0.776667 0.013333 0.033333
2 0.456667 0.496667 0.033333 0.060000
2 0.756667 0.083333 0.033333 0.046667
2 0.876667 0.030000 0.046667 0.033333
2 0.863333 0.063333 0.046667 0.033333
2 0.796667 0.070000 0.046667 0.046667
2 0.816667 0.910000 0.033333 0.046667
2 0.836667 0.890000 0.046667 0.033333
2 0.870000 0.903333 0.033333 0.020000
2 0.696667 0.363333 0.046667 0.033333
2 0.623333 0.096667 0.033333 0.033333
2 0.716667 0.036667 0.033333 0.033333
2 0.690000 0.050000 0.033333 0.033333
2 0.503333 0.010000 0.033333 0.020000
2 0.296667 0.136667 0.020000 0.020000
2 0.516667 0.383333 0.033333 0.033333
2 0.556667 0.270000 0.033333 0.033333
2 0.563333 0.296667 0.020000 0.033333
2 0.410000 0.843333 0.033333 0.033333
2 0.636667 0.876667 0.033333 0.046667
2 0.750000 0.936667 0.033333 0.033333
2 0.716667 0.890000 0.020000 0.033333
2 0.816667 0.796667 0.020000 0.046667
2 0.993333 0.710000 0.013333 0.033333
2 0.916667 0.503333 0.033333 0.020000
2 0.950000 0.503333 0.033333 0.020000
2 0.936667 0.523333 0.020000 0.033333
2 0.850000 0.123333 0.046667 0.073333
2 0.876667 0.123333 0.020000 0.020000
2 0.930000 0.043333 0.046667 0.033333
2 0.963333 0.043333 0.033333 0.033333
1 0.950000 0.136667 0.033333 0.033333
1 0.923333 0.183333 0.046667 0.060000
1 0.430000 0.330000 0.033333 0.020000
1 0.430000 0.350000 0.033333 0.020000
1 0.443333 0.343333 0.033333 0.033333
1 0.443333 0.370000 0.033333 0.033333
1 0.490000 0.716667 0.033333 0.033333
1 0.496667 0.836667 0.046667 0.033333
1 0.743333 0.763333 0.060000 0.033333
1 0.983333 0.736667 0.033333 0.033333
1 0.990000 0.436667 0.020000 0.046667
2 0.803333 0.256667 0.033333 0.033333
1 0.716667 0.216667 0.033333 0.033333
1 0.563333 0.110000 0.033333 0.033333
1 0.556667 0.136667 0.033333 0.033333
1 0.270000 0.943333 0.033333 0.033333
1 0.183333 0.990000 0.046667 0.020000
1 0.476667 0.803333 0.020000 0.033333
1 0.636667 0.670000 0.020000 0.033333
1 0.890000 0.616667 0.033333 0.033333
1 0.843333 0.630000 0.033333 0.033333
0 0.943333 0.723333 0.033333 0.033333
0 0.923333 0.930000 0.020000 0.033333
0 0.986667 0.963333 0.026667 0.033333
0 0.876667 0.943333 0.046667 0.020000
1 0.703333 0.903333 0.033333 0.033333
1 0.096667 0.496667 0.033333 0.033333
1 0.290000 0.123333 0.033333 0.020000
1 0.723333 0.496667 0.020000 0.033333
0 0.743333 0.543333 0.033333 0.033333
0 0.430000 0.670000 0.033333 0.033333
1 0.176667 0.543333 0.033333 0.033333
0 0.290000 0.410000 0.033333 0.033333
3 0.216667 0.176667 0.033333 0.060000
3 0.283333 0.230000 0.033333 0.033333
3 0.330000 0.223333 0.033333 0.033333
3 0.310000 0.223333 0.020000 0.033333
3 0.270000 0.543333 0.033333 0.033333
3 0.310000 0.543333 0.046667 0.033333
3 0.263333 0.616667 0.033333 0.033333
3 0.243333 0.556667 0.033333 0.046667
3 0.243333 0.590000 0.033333 0.033333
3 0.303333 0.596667 0.033333 0.060000
3 0.323333 0.596667 0.020000 0.060000
3 0.363333 0.590000 0.046667 0.020000
3 0.356667 0.603333 0.046667 0.020000
3 0.356667 0.623333 0.060000 0.033333
0 0.390000 0.630000 0.033333 0.046667
3 0.083333 0.750000 0.033333 0.033333
3 0.090000 0.710000 0.033333 0.046667
3 0.043333 0.676667 0.033333 0.033333
3 0.056667 0.703333 0.020000 0.046667
3 0.030000 0.723333 0.033333 0.060000
3 0.013333 0.703333 0.026667 0.046667
0 0.013333 0.756667 0.026667 0.046667
3 0.030000 0.763333 0.033333 0.033333
3 0.056667 0.770000 0.046667 0.033333
