2 0.656667 0.116667 0.060000 0.046667
2 0.683333 0.076667 0.046667 0.046667
2 0.536667 0.036667 0.060000 0.033333
2 0.496667 0.016667 0.046667 0.033333
2 0.790000 0.130000 0.046667 0.046667
2 0.723333 0.163333 0.046667 0.033333
2 0.650000 0.156667 0.020000 0.033333
2 0.663333 0.163333 0.020000 0.033333
2 0.923333 0.236667 0.033333 0.033333
2 0.890000 0.230000 0.033333 0.060000
2 0.870000 0.270000 0.033333 0.033333
2 0.983333 0.310000 0.033333 0.033333
2 0.970000 0.350000 0.046667 0.046667
2 0.456667 0.116667 0.046667 0.033333
2 0.550000 0.010000 0.033333 0.020000
2 0.163333 0.016667 0.033333 0.033333
2 0.210000 0.030000 0.060000 0.033333
2 0.083333 0.056667 0.033333 0.033333
2 0.110000 0.103333 0.033333 0.046667
2 0.076667 0.130000 0.033333 0.046667
2 0.150000 0.163333 0.046667 0.060000
2 0.383333 0.103333 0.033333 0.046667
2 0.390000 0.136667 0.046667 0.033333
2 0.050000 0.216667 0.046667 0.033333
2 0.010000 0.376667 0.020000 0.060000
2 0.336667 0.270000 0.033333 0.046667
2 0.310000 0.303333 0.046667 0.060000
2 0.290000 0.363333 0.033333 0.060000
2 0.336667 0.390000 0.033333 0.046667
2 0.230000 0.316667 0.046667 0.046667
2 0.483333 0.336667 0.046667 0.073333
2 0.990000 0.483333 0.020000 0.046667
2 0.990000 0.536667 0.020000 0.033333
2 0.950000 0.536667 0.060000 0.033333
2 0.090000 0.290000 0.046667 0.033333
2 0.216667 0.256667 0.033333 0.046667
2 0.076667 0.410000 0.033333 0.060000
2 0.096667 0.436667 0.020000 0.033333
2 0.056667 0.396667 0.020000 0.033333
2 0.150000 0.416667 0.033333 0.060000
2 0.190000 0.396667 0.060000 0.060000
2 0.356667 0.570000 0.046667 0.046667
2 0.350000 0.596667 0.033333 0.020000
2 0.356667 0.623333 0.033333 0.033333
2 0.330000 0.623333 0.020000 0.046667
2 0.316667 0.636667 0.033333 0.033333
2 0.696667 0.563333 0.060000 0.033333
2 0.710000 0.616667 0.046667 0.033333
2 0.623333 0.550000 0.046667 0.046667
2 0.536667 0.656667 0.033333 0.046667
2 0.576667 0.676667 0.033333 0.033333
2 0.596667 0.710000 0.033333 0.046667
2 0.743333 0.730000 0.046667 0.046667
2 0.936667 0.723333 0.046667 0.046667
2 0.963333 0.756667 0.046667 0.046667
2 0.956667 0.790000 0.046667 0.046667
2 0.930000 0.763333 0.033333 0.033333
2 0.903333 0.796667 0.033333 0.033333
2 0.803333 0.763333 0.046667 0.033333
2 0.796667 0.730000 0.046667 0.020000
2 0.783333 0.683333 0.060000 0.033333
2 0.823333 0.796667 0.046667 0.033333
2 0.810000 0.816667 0.033333 0.033333
2 0.776667 0.803333 0.046667 0.033333
2 0.916667 0.976667 0.046667 0.020000
2 0.790000 0.963333 0.046667 0.046667
2 0.676667 0.883333 0.033333 0.033333
2 0.663333 0.850000 0.046667 0.046667
2 0.630000 0.916667 0.033333 0.046667
2 0.643333 0.883333 0.046667 0.033333
2 0.550000 0.843333 0.033333 0.033333
2 0.530000 0.823333 0.046667 0.033333
2 0.463333 0.823333 0.046667 0.046667
2 0.450000 0.770000 0.060000 0.046667
2 0.443333 0.730000 0.033333 0.046667
2 0.390000 0.716667 0.033333 0.046667
2 0.136667 0.570000 0.033333 0.033333
2 0.150000 0.510000 0.033333 0.033333
2 0.036667 0.530000 0.046667 0.033333
2 0.083333 0.596667 0.033333 0.046667
2 0.023333 0.556667 0.046667 0.033333
2 0.083333 0.676667 0.033333 0.033333
2 0.090000 0.703333 0.046667 0.046667
2 0.013333 0.676667 0.026667 0.033333
2 0.130000 0.750000 0.060000 0.046667
2 0.076667 0.756667 0.033333 0.033333
2 0.030000 0.783333 0.046667 0.046667
2 0.143333 0.863333 0.033333 0.033333
2 0.083333 0.850000 0.033333 0.033333
2 0.150000 0.903333 0.033333 0.046667
2 0.116667 0.910000 0.033333 0.033333
2 0.110000 0.943333 0.020000 0.020000
2 0.276667 0.890000 0.033333 0.033333
2 0.263333 0.876667 0.046667 0.020000
2 0.303333 0.863333 0.033333 0.020000
2 0.216667 0.756667 0.020000 0.033333
2 0.196667 0.750000 0.033333 0.033333
2 0.530000 0.596667 0.033333 0.033333
2 0.850000 0.296667 0.020000 0.033333
2 0.013333 0.076667 0.026667 0.033333
2 0.030000 0.076667 0.020000 0.033333
2 0.056667 0.923333 0.020000 0.020000
2 0.043333 0.950000 0.020000 0.033333
2 0.396667 0.976667 0.033333 0.020000
2 0.590000 0.963333 0.020000 0.033333
2 0.550000 0.716667 0.020000 0.033333
1 0.483333 0.750000 0.046667 0.033333
2 0.750000 0.823333 0.033333 0.033333
2 0.603333 0.763333 0.046667 0.033333
2 0.650000 0.670000 0.033333 0.020000
2 0.430000 0.463333 0.046667 0.033333
2 0.543333 0.356667 0.033333 0.046667
2 0.636667 0.410000 0.033333 0.033333
2 0.650000 0.183333 0.020000 0.020000
2 0.670000 0.196667 0.020000 0.020000
2 0.650000 0.036667 0.033333 0.020000
2 0.736667 0.090000 0.033333 0.046667
2 0.583333 0.556667 0.020000 0.020000
2 0.556667 0.556667 0.033333 0.033333
1 0.090000 0.350000 0.033333 0.033333
2 0.063333 0.336667 0.033333 0.046667
1 0.270000 0.236667 0.046667 0.046667
1 0.390000 0.203333 0.033333 0.033333
1 0.496667 0.110000 0.046667 0.033333
1 0.790000 0.223333 0.033333 0.033333
1 0.610000 0.390000 0.033333 0.033333
1 0.190000 0.116667 0.033333 0.020000
1 0.303333 0.483333 0.033333 0.033333
1 0.236667 0.430000 0.060000 0.033333
1 0.763333 0.656667 0.046667 0.033333
1 0.630000 0.643333 0.046667 0.033333
1 0.616667 0.670000 0.033333 0.033333
1 0.663333 0.763333 0.033333 0.020000
1 0.683333 0.776667 0.033333 0.033333
1 0.283333 0.983333 0.086667 0.020000
1 0.190000 0.916667 0.046667 0.020000
1 0.020000 0.036667 0.040000 0.046667
1 0.290000 0.816667 0.033333 0.020000
1 0.263333 0.663333 0.033333 0.033333
1 0.283333 0.630000 0.033333 0.033333
1 0.170000 0.716667 0.033333 0.033333
0 0.596667 0.296667 0.020000 0.033333
0 0.776667 0.043333 0.046667 0.033333
0 0.590000 0.110000 0.033333 0.033333
0 0.656667 0.930000 0.033333 0.033333
0 0.663333 0.910000 0.033333 0.020000
1 0.136667 0.590000 0.046667 0.020000
0 0.010000 0.936667 0.020000 0.046667
3 0.216667 0.483333 0.060000 0.033333
3 0.210000 0.456667 0.046667 0.020000
3 0.270000 0.483333 0.046667 0.020000
3 0.250000 0.470000 0.046667 0.020000
3 0.370000 0.476667 0.046667 0.033333
3 0.356667 0.430000 0.060000 0.033333
3 0.390000 0.403333 0.046667 0.033333
3 0.516667 0.556667 0.033333 0.033333
3 0.490000 0.590000 0.033333 0.033333
0 0.450000 0.623333 0.033333 0.033333
3 0.623333 0.583333 0.046667 0.020000
3 0.650000 0.570000 0.033333 0.033333
3 0.676667 0.583333 0.033333 0.020000
3 0.590000 0.590000 0.046667 0.033333
3 0.556667 0.603333 0.033333 0.033333
3 0.583333 0.630000 0.033333 0.046667
3 0.556667 0.643333 0.020000 0.046667
3 0.476667 0.623333 0.033333 0.046667
3 0.490000 0.630000 0.020000 0.033333
0 0.510000 0.656667 0.033333 0.033333
3 0.683333 0.630000 0.033333 0.020000
3 0.690000 0.656667 0.046667 0.033333
3 0.730000 0.636667 0.046667 0.020000
3 0.756667 0.616667 0.060000 0.020000
3 0.736667 0.596667 0.046667 0.020000
3 0.710000 0.583333 0.033333 0.020000
3 0.790000 0.603333 0.060000 0.033333
3 0.550000 0.176667 0.033333 0.033333
3 0.570000 0.203333 0.033333 0.033333
3 0.650000 0.283333 0.033333 0.033333
3 0.676667 0.296667 0.046667 0.033333
3 0.696667 0.323333 0.060000 0.033333
3 0.736667 0.336667 0.046667 0.033333
3 0.743333 0.370000 0.046667 0.020000
3 0.756667 0.396667 0.046667 0.033333
3 0.816667 0.356667 0.046667 0.046667
