2 0.663333 0.150000 0.046667 0.046667
2 0.703333 0.143333 0.033333 0.046667
2 0.790000 0.090000 0.033333 0.046667
2 0.350000 0.370000 0.060000 0.046667
2 0.350000 0.463333 0.033333 0.046667
2 0.290000 0.596667 0.046667 0.033333
2 0.256667 0.610000 0.046667 0.033333
2 0.283333 0.656667 0.046667 0.033333
2 0.323333 0.663333 0.033333 0.033333
2 0.176667 0.656667 0.046667 0.033333
2 0.183333 0.723333 0.046667 0.046667
2 0.116667 0.636667 0.046667 0.046667
2 0.050000 0.423333 0.033333 0.033333
2 0.096667 0.410000 0.046667 0.033333
2 0.383333 0.796667 0.046667 0.033333
2 0.230000 0.830000 0.033333 0.033333
2 0.410000 0.856667 0.046667 0.046667
2 0.496667 0.936667 0.033333 0.046667
2 0.923333 0.890000 0.033333 0.046667
2 0.930000 0.916667 0.020000 0.033333
2 0.990000 0.823333 0.020000 0.033333
2 0.896667 0.790000 0.033333 0.046667
2 0.896667 0.736667 0.033333 0.033333
2 0.850000 0.736667 0.033333 0.046667
2 0.856667 0.763333 0.033333 0.046667
2 0.976667 0.690000 0.046667 0.046667
2 0.916667 0.656667 0.046667 0.033333
2 0.983333 0.496667 0.033333 0.020000
2 0.976667 0.363333 0.046667 0.046667
2 0.943333 0.013333 0.046667 0.026667
2 0.570000 0.010000 0.046667 0.020000
2 0.836667 0.083333 0.033333 0.046667
2 0.596667 0.156667 0.033333 0.033333
2 0.556667 0.170000 0.060000 0.033333
2 0.496667 0.730000 0.033333 0.033333
2 0.490000 0.763333 0.033333 0.033333
2 0.810000 0.716667 0.033333 0.046667
2 0.016667 0.630000 0.033333 0.033333
2 0.150000 0.223333 0.033333 0.033333
2 0.663333 0.556667 0.020000 0.033333
2 0.663333 0.610000 0.020000 0.033333
2 0.676667 0.703333 0.020000 0.046667
2 0.790000 0.390000 0.046667 0.046667
2 0.876667 0.436667 0.046667 0.033333
2 0.883333 0.483333 0.046667 0.033333
2 0.856667 0.470000 0.033333 0.060000
2 0.890000 0.296667 0.046667 0.033333
2 0.923333 0.223333 0.046667 0.033333
2 0.776667 0.316667 0.046667 0.033333
2 0.730000 0.450000 0.060000 0.033333
2 0.316667 0.890000 0.033333 0.046667
1 0.390000 0.683333 0.033333 0.046667
1 0.270000 0.883333 0.033333 0.033333
1 0.483333 0.970000 0.046667 0.033333
1 0.616667 0.316667 0.033333 0.046667
1 0.870000 0.216667 0.046667 0.033333
1 0.810000 0.276667 0.033333 0.046667
1 0.736667 0.290000 0.033333 0.033333
1 0.710000 0.216667 0.033333 0.033333
1 0.730000 0.203333 0.020000 0.033333
0 0.950000 0.323333 0.033333 0.033333
1 0.956667 0.276667 0.033333 0.033333
1 0.810000 0.223333 0.033333 0.033333
0 0.756667 0.270000 0.033333 0.020000
1 0.993333 0.583333 0.013333 0.033333
1 0.856667 0.356667 0.033333 0.046667
1 0.986667 0.156667 0.026667 0.033333
2 0.983333 0.116667 0.033333 0.033333
1 0.990000 0.043333 0.020000 0.033333
1 0.636667 0.116667 0.046667 0.033333
1 0.623333 0.016667 0.046667 0.033333
1 0.656667 0.076667 0.033333 0.033333
1 0.623333 0.083333 0.046667 0.046667
1 0.883333 0.656667 0.033333 0.033333
1 0.986667 0.870000 0.026667 0.033333
1 0.943333 0.896667 0.020000 0.033333
1 0.990000 0.923333 0.020000 0.033333
1 0.943333 0.956667 0.033333 0.033333
1 0.396667 0.923333 0.033333 0.033333
1 0.010000 0.983333 0.020000 0.033333
1 0.250000 0.696667 0.033333 0.046667
1 0.323333 0.843333 0.033333 0.020000
1 0.456667 0.836667 0.033333 0.046667
1 0.596667 0.823333 0.033333 0.033333
1 0.696667 0.623333 0.020000 0.020000
1 0.923333 0.290000 0.020000 0.033333
0 0.763333 0.036667 0.033333 0.033333
0 0.863333 0.243333 0.046667 0.033333
0 0.856667 0.396667 0.033333 0.020000
0 0.750000 0.596667 0.046667 0.033333
0 0.836667 0.803333 0.033333 0.033333
0 0.943333 0.763333 0.033333 0.033333
0 0.976667 0.943333 0.033333 0.033333
0 0.450000 0.876667 0.033333 0.033333
0 0.410000 0.990000 0.033333 0.020000
0 0.330000 0.983333 0.033333 0.033333
1 0.290000 0.630000 0.033333 0.033333
3 0.263333 0.510000 0.046667 0.020000
3 0.263333 0.490000 0.046667 0.033333
3 0.303333 0.503333 0.046667 0.033333
3 0.323333 0.476667 0.033333 0.033333
3 0.296667 0.476667 0.033333 0.033333
3 0.290000 0.450000 0.033333 0.033333
3 0.316667 0.443333 0.033333 0.033333
3 0.263333 0.456667 0.033333 0.033333
3 0.230000 0.496667 0.046667 0.033333
3 0.230000 0.463333 0.046667 0.033333
3 0.250000 0.436667 0.033333 0.020000
3 0.263333 0.423333 0.046667 0.033333
3 0.290000 0.410000 0.033333 0.020000
3 0.263333 0.396667 0.033333 0.020000
3 0.263333 0.363333 0.033333 0.033333
3 0.290000 0.350000 0.033333 0.033333
3 0.310000 0.330000 0.033333 0.033333
3 0.316667 0.303333 0.033333 0.020000
3 0.310000 0.276667 0.033333 0.020000
3 0.276667 0.290000 0.046667 0.046667
3 0.336667 0.250000 0.046667 0.033333
3 0.336667 0.276667 0.033333 0.033333
3 0.356667 0.296667 0.046667 0.033333
3 0.376667 0.310000 0.046667 0.020000
3 0.383333 0.330000 0.046667 0.033333
3 0.396667 0.350000 0.033333 0.020000
3 0.390000 0.370000 0.033333 0.033333
3 0.383333 0.396667 0.046667 0.033333
3 0.383333 0.423333 0.046667 0.033333
3 0.390000 0.450000 0.046667 0.033333
3 0.403333 0.476667 0.033333 0.033333
3 0.370000 0.496667 0.046667 0.046667
3 0.403333 0.523333 0.033333 0.060000
3 0.370000 0.530000 0.033333 0.033333
3 0.336667 0.530000 0.033333 0.033333
3 0.363333 0.563333 0.073333 0.033333
3 0.356667 0.596667 0.033333 0.033333
3 0.390000 0.603333 0.046667 0.046667
3 0.416667 0.583333 0.020000 0.046667
3 0.450000 0.616667 0.033333 0.046667
3 0.443333 0.583333 0.046667 0.033333
3 0.323333 0.623333 0.033333 0.046667
3 0.416667 0.670000 0.033333 0.046667
3 0.436667 0.643333 0.033333 0.033333
3 0.296667 0.550000 0.046667 0.033333
3 0.276667 0.570000 0.046667 0.020000
3 0.256667 0.556667 0.046667 0.020000
3 0.270000 0.530000 0.046667 0.020000
3 0.223333 0.583333 0.046667 0.033333
3 0.216667 0.603333 0.033333 0.033333
3 0.223333 0.630000 0.046667 0.020000
3 0.230000 0.650000 0.033333 0.033333
3 0.256667 0.663333 0.033333 0.033333
3 0.230000 0.690000 0.033333 0.033333
3 0.203333 0.676667 0.033333 0.033333
3 0.203333 0.643333 0.033333 0.033333
3 0.196667 0.623333 0.033333 0.020000
3 0.183333 0.596667 0.033333 0.033333
3 0.183333 0.563333 0.046667 0.033333
3 0.210000 0.536667 0.060000 0.033333
3 0.183333 0.496667 0.046667 0.033333
3 0.163333 0.536667 0.060000 0.033333
3 0.143333 0.556667 0.033333 0.033333
3 0.130000 0.590000 0.060000 0.033333
3 0.143333 0.610000 0.033333 0.020000
3 0.116667 0.556667 0.033333 0.033333
3 0.723333 0.550000 0.033333 0.033333
3 0.756667 0.556667 0.033333 0.033333
3 0.790000 0.583333 0.020000 0.033333
3 0.810000 0.563333 0.033333 0.046667
3 0.843333 0.536667 0.046667 0.046667
