2 0.503378 0.222603 0.047297 0.047945
2 0.618243 0.325342 0.047297 0.047945
2 0.847973 0.386986 0.060811 0.034247
2 0.293919 0.441781 0.033784 0.047945
2 0.483108 0.585616 0.033784 0.047945
2 0.564189 0.633562 0.047297 0.047945
2 0.402027 0.852740 0.047297 0.047945
2 0.449324 0.832192 0.047297 0.047945
2 0.064189 0.695205 0.047297 0.034247
2 0.091216 0.763699 0.047297 0.047945
2 0.665541 0.482877 0.047297 0.047945
2 0.834459 0.784247 0.033784 0.047945
2 0.408784 0.934932 0.047297 0.034247
2 0.368243 0.674658 0.033784 0.047945
2 0.388514 0.544521 0.033784 0.034247
2 0.165541 0.078767 0.033784 0.034247
2 0.006757 0.030822 0.013514 0.034247
2 0.239865 0.633562 0.047297 0.034247
2 0.206081 0.674658 0.047297 0.034247
2 0.530405 0.462329 0.033784 0.034247
2 0.320946 0.962329 0.047297 0.034247
2 0.760135 0.352740 0.033784 0.034247
2 0.685811 0.037671 0.047297 0.020548
2 0.760135 0.304795 0.033784 0.047945
2 0.246622 0.982877 0.033784 0.034247
2 0.658784 0.907534 0.033784 0.047945
2 0.091216 0.667808 0.047297 0.034247
2 0.354730 0.373288 0.033784 0.047945
2 0.726351 0.366438 0.033784 0.034247
2 0.665541 0.993151 0.033784 0.013699
2 0.760135 0.688356 0.033784 0.047945
2 0.341216 0.640411 0.047297 0.034247
2 0.408784 0.496575 0.033784 0.034247
2 0.685811 0.332192 0.047297 0.034247
2 0.658784 0.585616 0.033784 0.020548
2 0.706081 0.613014 0.033784 0.034247
2 0.949324 0.373288 0.033784 0.034247
2 0.753378 0.010274 0.060811 0.020548
2 0.314189 0.818493 0.033784 0.034247
2 0.327703 0.585616 0.033784 0.034247
2 0.050676 0.510274 0.033784 0.034247
1 0.888514 0.222603 0.047297 0.034247
1 0.908784 0.140411 0.033784 0.047945
1 0.888514 0.160959 0.033784 0.034247
1 0.989865 0.222603 0.020270 0.047945
1 0.935811 0.160959 0.020270 0.034247
1 0.097973 0.585616 0.047297 0.034247
1 0.361486 0.715753 0.047297 0.020548
1 0.239865 0.729452 0.033784 0.020548
1 0.260135 0.886986 0.033784 0.034247
1 0.246622 0.763699 0.033784 0.034247
2 0.057432 0.770548 0.047297 0.047945
1 0.658784 0.715753 0.033784 0.034247
1 0.320946 0.496575 0.033784 0.034247
1 0.381757 0.482877 0.033784 0.034247
1 0.820946 0.236301 0.033784 0.034247
2 0.226351 0.585616 0.033784 0.020548
2 0.179054 0.613014 0.033784 0.034247
1 0.327703 0.770548 0.033784 0.034247
1 0.239865 0.660959 0.047297 0.034247
1 0.523649 0.619863 0.047297 0.047945
1 0.591216 0.619863 0.020270 0.034247
1 0.523649 0.585616 0.033784 0.020548
0 0.449324 0.921233 0.020270 0.034247
0 0.503378 0.791096 0.047297 0.047945
0 0.733108 0.051370 0.047297 0.020548
0 0.516892 0.345890 0.033784 0.034247
0 0.179054 0.578767 0.033784 0.034247
0 0.064189 0.647260 0.033784 0.034247
0 0.733108 0.332192 0.033784 0.034247
1 0.820946 0.359589 0.033784 0.034247
1 0.922297 0.462329 0.033784 0.034247
1 0.760135 0.571918 0.033784 0.020548
1 0.672297 0.640411 0.033784 0.034247
0 0.820946 0.448630 0.033784 0.034247
0 0.935811 0.558219 0.020270 0.034247
3 0.429054 0.428082 0.033784 0.047945
3 0.679054 0.380137 0.033784 0.047945
3 0.712838 0.428082 0.033784 0.034247
3 0.746622 0.414384 0.033784 0.034247
3 0.564189 0.756849 0.033784 0.047945
3 0.875000 0.763699 0.060811 0.047945
3 0.503378 0.551370 0.033784 0.034247
3 0.530405 0.530822 0.033784 0.034247
3 0.449324 0.523973 0.033784 0.047945
3 0.483108 0.510274 0.047297 0.034247
3 0.469595 0.482877 0.033784 0.020548
3 0.496622 0.482877 0.033784 0.034247
3 0.165541 0.729452 0.033784 0.034247
3 0.591216 0.208904 0.047297 0.047945
3 0.570946 0.188356 0.033784 0.034247
3 0.185811 0.222603 0.033784 0.034247
3 0.043919 0.291096 0.047297 0.047945
3 0.280405 0.030822 0.047297 0.047945
3 0.165541 0.428082 0.033784 0.034247
3 0.118243 0.455479 0.033784 0.020548
3 0.138514 0.476027 0.047297 0.034247
3 0.118243 0.503425 0.033784 0.034247
3 0.219595 0.523973 0.033784 0.047945
3 0.199324 0.551370 0.033784 0.047945
3 0.652027 0.797945 0.033784 0.047945
3 0.550676 0.791096 0.033784 0.034247
3 0.597973 0.804795 0.033784 0.034247
3 0.577703 0.791096 0.020270 0.034247
3 0.496622 0.852740 0.033784 0.047945
3 0.591216 0.893836 0.047297 0.047945
3 0.604730 0.859589 0.033784 0.047945
3 0.631757 0.907534 0.033784 0.034247
3 0.625000 0.873288 0.033784 0.034247
2 0.652027 0.941781 0.033784 0.034247
2 0.699324 0.914384 0.020270 0.020548
2 0.712838 0.928082 0.020270 0.020548
2 0.699324 0.941781 0.020270 0.020548
0 0.841216 0.469178 0.033784 0.034247
0 0.672297 0.530822 0.033784 0.034247
0 0.638514 0.592466 0.033784 0.034247
3 0.152027 0.640411 0.047297 0.034247
3 0.111486 0.647260 0.020270 0.034247
